1|1|1|10267|8846|0|7006|9082|0|0|0|0|false|false|false|0|0|0|false|false|false|0|0|0|0|0|0|1|0|true|0|0|1|0|0|1|1|0|0|0|0|1|0|true|0|0|0|0|0|1|0|0|0|1|0|0
1|1|2|10305|11392|0|5928|11486|0|0|0|0|false|false|false|0|0|0|false|false|false|0|0|0|0|0|0|1|0|true|0|0|0|0|4|0|0|0|0|0|0|0|0|true|0|0|0|0|0|0|0|2|0|0|0|0
1|1|3|10266|8873|0|11049|11163|0|0|0|0|false|false|false|0|0|0|false|false|false|0|0|0|0|0|0|1|0|false|0|0|0|0|2|0|3|0|0|0|0|0|0|false|0|0|0|0|2|0|0|0|0|0|0|0
1|1|4|7074|8907|0|7301|12051|0|0|0|0|false|false|false|0|0|0|false|false|false|0|0|0|0|0|0|1|2|true|2|0|1|0|3|5|0|0|0|0|0|0|2|false|0|0|0|0|1|3|4|0|0|0|0|0
1|1|5|10268|8728|0|11821|5072|0|0|0|0|false|false|false|0|0|0|false|false|false|0|0|0|0|0|0|1|0|false|0|0|0|0|0|0|0|0|0|0|0|0|0|false|0|0|0|0|0|0|0|1|0|0|0|0
1|1|6|6459|11931|0|7286|11049|0|0|0|0|false|false|false|0|0|0|false|false|false|0|0|0|0|0|0|1|0|false|1|0|0|0|1|2|0|0|0|0|0|0|0|false|0|0|0|0|1|0|1|0|0|0|0|0
1|1|7|11163|11392|0|8846|7301|0|0|0|0|false|false|false|0|0|0|false|false|false|0|0|0|0|0|0|1|0|false|0|0|0|0|1|0|0|0|0|0|0|0|0|false|0|0|0|0|3|2|0|0|0|0|0|0
1|1|8|5928|12051|0|10268|8873|0|0|0|0|false|false|false|0|0|0|false|false|false|0|0|0|0|0|0|1|2|true|0|0|1|0|0|0|0|0|0|0|0|0|0|true|0|0|0|0|4|0|0|0|0|0|0|0
1|1|9|10266|8907|0|5072|10267|0|0|0|0|false|false|false|0|0|0|false|false|false|0|0|0|0|0|0|1|1|false|1|0|0|0|3|4|2|0|0|0|0|0|0|true|0|0|1|3|0|0|0|1|0|0|0|0
1|1|10|11931|10305|0|8728|9082|0|0|0|0|false|false|false|0|0|0|false|false|false|0|0|0|0|0|0|1|0|false|1|0|0|0|3|1|0|0|0|0|0|0|0|false|0|0|0|0|0|0|0|0|0|0|0|0
1|1|11|11821|7074|0|11486|6459|0|0|0|0|false|false|false|0|0|0|false|false|false|0|0|0|0|0|0|1|0|false|0|0|0|0|0|0|0|0|0|0|1|0|0|false|0|0|0|0|0|0|0|0|1|0|0|0
1|1|12|7006|10267|0|7286|5928|0|0|0|0|false|false|false|0|0|0|false|false|false|0|0|0|0|0|0|1|0|true|0|0|1|0|0|2|2|0|0|0|0|0|0|true|0|0|1|0|3|0|2|0|0|0|0|0
1|1|13|5072|7301|0|10305|8873|0|0|0|0|false|false|false|0|0|0|false|false|false|1|0|0|1|0|0|1|0|false|0|0|0|0|0|1|0|0|0|0|0|0|0|false|0|0|0|0|4|0|0|0|0|0|0|0
1|1|14|11486|7006|0|11931|10266|0|0|0|0|false|false|false|0|0|0|false|false|false|0|0|0|0|0|0|1|0|true|0|0|0|0|0|6|0|0|0|0|0|0|0|true|0|0|1|0|3|1|1|0|0|0|0|0
1|1|15|7286|11163|0|7074|10268|0|0|0|0|false|false|false|0|0|0|false|false|false|0|0|0|0|0|0|1|0|false|0|0|0|0|1|0|2|0|0|0|0|0|0|false|0|0|0|0|3|0|0|1|0|0|0|0
1|1|16|12051|9082|0|6459|11392|0|0|0|0|false|false|false|0|0|0|false|false|false|0|0|0|0|0|0|1|1|true|0|0|1|0|4|0|0|0|0|0|0|0|0|true|0|0|0|0|0|0|0|0|0|0|0|0
1|1|17|11821|8846|0|8907|11049|0|0|0|0|false|false|false|0|0|0|false|true|false|0|0|0|0|0|0|1|0|false|0|0|0|0|0|0|0|0|0|0|0|1|1|false|2|0|0|0|4|1|0|0|0|1|0|0
1|1|18|11163|7006|0|8728|12051|0|0|0|0|false|false|false|0|0|0|false|false|false|0|0|0|0|0|0|1|0|true|0|0|0|0|0|5|0|0|1|0|0|0|1|false|0|0|0|0|4|0|0|0|0|0|1|0
1|1|19|10266|6459|0|8846|10305|0|0|0|0|true|false|false|0|0|0|false|false|false|0|0|0|0|0|0|1|0|true|0|0|1|0|2|0|2|0|0|1|0|0|0|true|0|0|1|0|2|0|0|0|0|0|0|1
1|1|20|11049|7301|0|7286|11486|0|0|0|0|true|false|false|0|0|0|false|false|false|0|0|0|0|0|0|1|0|true|0|0|0|0|4|0|2|0|0|0|0|0|0|false|0|0|0|0|0|0|1|0|0|0|0|0
1|1|21|5928|8907|0|7074|8728|0|0|0|0|false|false|false|0|0|0|true|false|false|0|0|0|0|0|0|1|1|true|1|0|1|0|1|3|0|3|0|0|0|1|0|false|0|0|0|0|3|1|0|0|0|1|0|0
1|1|22|10268|11392|0|11931|10267|0|0|0|0|false|false|false|0|0|0|false|false|false|0|0|0|0|0|0|1|0|false|0|0|0|0|3|0|0|1|0|0|0|0|0|true|0|0|1|0|1|0|0|0|0|0|0|0
1|1|23|8873|5072|0|11821|9082|0|0|0|0|false|false|false|0|0|0|false|false|false|0|0|0|0|0|0|1|0|false|0|0|0|1|1|0|0|0|0|0|0|1|0|false|0|0|0|0|3|0|0|0|0|1|0|0
1|1|24|8728|7286|0|10266|11392|0|0|0|0|false|false|false|0|0|0|true|false|false|0|0|0|0|0|0|1|0|false|0|0|0|0|0|0|3|0|0|0|0|0|0|true|0|0|1|0|4|0|4|0|0|0|0|0
1|1|25|8873|6459|0|8907|7006|0|0|0|0|false|false|false|0|0|0|true|false|false|0|0|0|0|0|0|1|0|true|0|0|0|0|2|0|0|0|0|0|0|1|0|false|1|0|0|0|2|1|2|0|0|1|0|0
1|1|26|11931|5928|0|11821|11163|0|0|0|0|false|false|false|0|0|0|false|false|false|0|0|0|0|0|0|1|0|true|0|0|1|0|3|4|0|0|0|0|0|0|0|false|0|0|0|0|0|2|1|0|0|0|0|0
1|1|27|11486|5072|0|8846|12051|0|0|0|0|false|false|false|0|0|0|false|false|false|0|0|0|0|0|0|1|0|true|0|0|1|0|0|0|0|1|0|0|0|0|0|false|0|0|0|0|4|0|2|0|0|0|0|0
1|1|28|10267|11049|0|10305|7074|0|0|0|0|false|true|false|0|0|0|false|true|false|0|0|0|0|0|0|1|0|true|0|0|1|0|0|0|1|0|0|0|0|0|0|true|0|0|1|0|4|0|0|0|0|0|0|0
1|1|29|9082|7301|0|10268|10266|0|0|0|0|false|false|false|0|0|0|false|true|false|0|0|0|0|0|0|1|0|true|0|0|0|0|2|1|0|0|0|0|0|0|0|true|0|0|1|0|2|0|2|0|0|0|0|0
1|1|30|11049|5072|0|5928|11392|0|0|0|0|true|false|false|0|0|0|false|false|false|0|0|0|0|0|0|1|0|true|0|0|1|0|2|0|0|0|0|0|0|0|0|true|0|0|1|0|2|0|0|2|0|0|0|0
1|1|31|11821|10305|0|12051|7286|0|0|0|0|false|false|false|0|0|0|false|false|false|0|0|0|0|0|0|1|0|true|0|0|1|0|1|0|0|0|0|0|0|0|1|false|0|0|0|0|3|0|4|0|0|0|0|0
1|1|32|11486|9082|0|8907|11163|0|0|0|0|false|false|false|0|0|0|true|false|false|0|0|0|0|0|0|1|0|true|0|0|1|0|0|0|0|0|1|0|0|0|2|true|2|0|1|0|3|3|0|0|0|0|1|0
1|1|33|8728|7301|0|10267|6459|0|0|0|0|false|false|false|0|0|0|false|false|false|0|0|0|0|0|0|1|0|true|0|0|0|0|4|0|5|0|0|0|0|1|0|false|0|0|0|0|0|0|2|0|0|1|0|0
1|1|34|8846|11931|0|7074|8873|0|0|0|0|false|false|false|0|0|0|true|false|false|0|0|0|0|0|0|1|0|false|0|0|0|0|0|1|0|0|0|0|0|0|0|false|0|0|0|0|3|0|0|0|0|0|0|0
1|1|35|10268|5072|0|7006|10305|0|0|0|0|false|false|false|0|0|0|false|false|false|0|0|0|0|0|0|1|0|false|0|0|0|0|3|0|0|2|0|0|0|1|0|true|1|0|1|0|1|1|0|0|0|1|0|0
1|3|11|12051|8907|10266|8873|7301|10305|0|0|0|false|false|false|0|0|0|false|false|false|0|0|0|0|0|0|1|2|false|1|0|1|0|2|2|0|0|0|0|0|0|0|false|0|0|0|0|2|0|0|0|0|0|0|0
1|3|21|5928|7006|11821|7074|7286|8846|0|0|0|false|false|false|0|0|0|false|false|false|0|0|0|0|0|0|1|0|false|1|0|0|0|1|3|0|0|0|0|0|0|0|false|0|0|0|0|3|0|2|0|0|0|0|0
1|3|12|12051|8907|10266|8873|7301|10305|0|0|0|false|false|false|0|0|0|false|false|false|0|0|0|0|0|0|1|0|true|1|0|0|0|2|2|0|0|0|0|0|1|0|false|1|0|0|0|1|1|0|0|0|1|0|0
1|3|22|5928|7006|11821|7074|7286|8846|0|0|0|false|false|false|0|0|0|false|false|false|0|0|0|0|0|0|1|0|false|0|0|0|0|3|0|0|0|0|0|0|0|0|false|0|0|0|0|1|0|0|0|0|0|0|0
1|4|1|12051|8907|10266|5928|7006|11821|0|0|0|false|false|false|0|0|0|false|false|false|0|0|0|0|0|0|1|1|true|1|0|1|0|3|2|0|0|0|0|0|0|0|true|1|0|1|0|1|5|0|0|0|0|0|0
1|4|2|12051|8907|10266|5928|7006|11821|0|0|0|false|false|false|0|0|0|false|false|false|0|0|0|0|0|0|1|2|true|2|0|1|0|4|6|0|0|0|0|0|0|0|false|0|0|0|0|0|0|0|3|0|0|0|0
