1|1|1|8998|4153|0|8624|11688|0|0|0|0|false|false|false|0|0|0|false|false|false|0|0|0|0|0|0|1|0|true|0|0|1|0|1|7|0|0|0|0|1|0|0|true|0|0|1|0|3|0|1|0|1|0|0|0
1|1|2|11513|10789|0|10318|4625|0|0|0|0|false|false|false|0|0|0|false|false|false|0|0|0|0|0|0|1|0|true|0|0|0|1|1|2|0|0|0|0|0|0|0|true|2|0|0|0|3|7|0|0|0|0|0|0
1|1|3|5921|8564|0|9513|11945|0|0|0|0|false|false|false|0|0|0|false|false|false|0|0|0|0|0|0|1|2|false|1|0|3|0|2|7|0|3|0|0|0|1|0|true|1|0|1|0|2|0|0|0|0|1|0|0
1|1|4|7992|5197|0|4947|9512|0|0|0|0|false|false|false|0|0|0|false|false|false|0|0|0|0|0|0|1|1|false|0|0|0|0|1|1|2|0|0|0|0|0|1|true|2|0|1|3|3|8|0|0|0|0|0|0
1|1|5|4628|10674|0|11825|7553|0|0|0|0|false|false|false|0|0|0|false|false|false|0|0|0|0|0|0|1|1|false|1|0|3|0|3|10|0|0|0|0|0|0|1|true|0|0|0|0|1|0|1|0|0|0|0|0
1|1|6|5498|10299|0|6570|9881|0|0|0|0|false|false|false|0|0|0|false|false|false|0|0|0|0|0|0|1|1|true|2|0|1|3|0|0|0|0|0|0|0|0|1|false|2|0|0|0|0|0|0|2|0|0|0|0
1|1|7|4947|10318|0|9040|5921|0|0|0|0|false|false|false|0|0|0|false|false|false|0|0|0|0|0|0|1|0|true|0|0|0|0|0|4|9|0|0|0|21|0|0|false|2|0|0|0|0|3|0|3|21|0|0|0
1|1|8|7992|4153|0|4628|11513|0|0|0|0|false|false|false|0|0|0|false|false|false|0|0|0|0|0|0|1|0|false|0|0|0|0|3|2|0|0|9|0|0|0|1|true|2|0|0|1|1|9|0|0|0|0|9|0
1|1|9|8624|6570|0|10674|10789|0|0|0|0|false|false|false|0|0|0|false|false|false|0|0|0|0|0|0|1|0|true|0|0|1|3|0|0|0|0|0|0|0|0|0|true|0|0|0|0|3|0|0|0|0|0|0|0
1|1|10|11825|9513|0|5197|5498|0|0|0|0|false|false|false|0|0|0|false|false|false|0|0|0|0|0|0|1|0|false|0|0|0|0|3|0|1|0|0|0|0|0|1|true|2|0|0|1|1|7|0|0|0|0|0|0
1|1|11|9040|11945|0|9881|4625|0|0|0|0|false|false|false|0|0|0|false|false|false|0|0|0|0|0|0|1|0|false|1|0|0|0|2|0|0|0|0|0|0|0|1|false|2|0|0|0|2|8|0|0|0|0|0|0
1|1|12|10299|9512|0|7553|8998|0|0|0|0|false|false|false|0|0|0|false|false|false|0|0|0|0|0|0|1|1|false|0|0|3|0|3|1|0|0|3|1|0|0|0|true|0|0|0|1|1|7|0|0|0|0|3|1
1|1|13|11688|7992|0|8564|10318|0|0|0|0|false|false|false|0|0|0|false|false|false|0|0|0|0|0|0|1|0|false|0|0|0|0|1|0|0|0|0|0|0|0|0|true|1|0|1|0|3|5|0|3|0|0|0|0
1|1|14|11513|9881|0|4947|8624|0|0|0|0|false|false|false|0|0|0|false|false|false|1|0|0|1|0|0|1|0|true|3|0|1|1|2|0|0|0|0|0|0|0|0|true|0|0|3|1|1|7|0|0|0|0|0|0
1|1|15|8998|11825|0|11945|10789|0|0|0|0|false|false|false|0|0|0|false|false|false|1|0|0|0|0|0|1|0|true|0|0|1|0|2|1|2|0|0|0|0|0|0|false|0|0|0|0|2|0|0|0|0|0|0|0
1|1|16|9513|6570|0|7553|4625|0|0|0|0|false|false|false|0|0|0|false|false|false|0|0|0|0|0|0|1|0|true|0|0|1|0|0|0|0|3|0|0|0|0|0|true|2|0|0|1|4|8|0|3|0|0|0|0
1|1|17|10674|9512|0|4153|5498|0|0|0|0|false|false|false|0|0|0|false|false|false|0|0|0|0|0|0|1|0|false|1|0|0|3|4|2|0|0|0|0|0|1|0|true|1|0|1|0|0|7|0|0|0|1|0|0
1|1|18|10299|5921|0|11688|5197|0|0|0|0|false|false|false|0|0|0|false|false|false|0|0|0|0|0|0|1|1|false|2|0|0|0|2|4|0|0|0|0|0|0|1|true|0|0|0|0|2|0|1|0|0|0|0|0
1|1|19|4628|8564|0|9040|10789|0|0|0|0|false|false|false|0|0|0|false|false|false|0|0|0|0|0|0|1|3|false|1|0|3|1|0|3|0|0|0|0|0|0|0|false|0|0|0|0|4|0|0|0|0|0|0|0
1|1|20|9881|9513|0|8998|7992|0|0|0|0|false|false|false|0|0|0|false|false|false|0|0|0|0|0|0|1|1|false|2|0|0|0|1|0|0|0|0|0|0|0|0|true|2|0|1|0|3|3|0|0|0|0|0|0
1|1|21|11688|5498|0|4625|4947|0|0|0|0|false|false|false|0|0|0|false|false|false|0|0|0|0|0|0|1|0|false|0|0|0|0|3|0|0|0|0|0|0|1|0|false|1|0|0|3|1|5|0|3|0|1|0|0
1|1|22|5197|7553|0|4153|8564|0|0|0|0|false|false|false|0|0|0|false|false|false|0|0|0|0|0|0|1|1|true|0|0|3|0|2|0|2|0|0|0|0|0|0|false|0|0|0|0|2|2|0|0|0|0|0|0
1|1|23|10318|11945|0|10674|10299|0|0|0|0|false|false|false|0|0|0|false|false|false|0|0|0|0|0|0|1|0|true|1|0|1|0|2|3|0|0|0|0|0|0|0|true|0|0|1|0|2|0|0|0|0|0|0|0
1|1|24|11513|11825|0|9040|6570|0|0|0|0|false|false|false|0|0|0|false|false|false|0|0|0|0|0|0|1|1|true|0|0|1|0|2|0|1|0|0|0|0|1|1|false|0|0|0|1|2|0|0|0|0|1|0|0
1|1|25|8624|9512|0|4628|5921|0|0|0|0|false|false|false|0|0|0|false|false|false|0|0|0|0|0|0|1|1|true|1|0|1|0|3|0|0|0|0|0|0|0|1|false|1|0|0|0|1|8|0|0|0|0|0|0
1|1|26|4625|8998|0|10674|5197|0|0|0|0|false|false|false|0|0|0|false|false|false|0|0|0|0|0|0|1|0|true|2|0|1|0|2|7|0|0|0|0|1|0|1|false|0|0|0|0|2|0|2|0|1|0|0|0
1|1|27|9881|10318|0|4153|11825|0|0|0|0|false|false|false|0|0|0|false|false|false|0|0|0|0|0|0|1|2|true|3|0|0|1|1|3|0|3|0|0|0|0|1|true|0|0|0|0|3|1|1|0|0|0|0|0
1|1|28|11945|4628|0|4947|6570|0|0|0|0|false|false|false|0|0|0|false|false|false|0|0|0|0|0|0|1|0|false|2|0|0|0|3|2|0|0|0|0|0|0|1|true|2|0|0|1|1|3|0|3|0|0|0|0
1|1|29|5921|7553|0|5498|11513|0|0|0|0|false|false|false|0|0|0|false|false|false|0|0|0|0|0|0|1|0|false|2|0|0|0|0|1|0|0|0|0|0|0|0|true|2|0|1|3|4|10|0|0|0|0|0|0
1|1|30|11688|10789|0|9512|9513|0|0|0|0|false|false|false|0|0|0|false|false|false|0|0|0|0|0|0|1|0|true|0|0|1|0|0|0|0|0|0|0|0|0|0|true|1|0|3|1|4|0|0|0|0|0|0|0
1|1|31|8624|9040|0|10299|7992|0|0|0|0|false|false|false|0|0|0|false|false|false|0|0|0|0|0|0|1|1|true|0|0|1|0|4|0|0|0|1|0|0|0|0|true|1|0|1|0|0|1|0|0|0|0|1|0
1|1|32|8564|4947|0|11513|8998|0|0|0|0|false|false|false|0|0|0|false|false|false|0|0|0|0|0|0|1|2|true|3|0|1|3|1|2|0|3|0|0|0|0|0|true|0|0|1|3|3|2|0|0|0|0|0|0
1|3|11|4628|4625|5498|11825|6570|8998|0|0|0|false|false|false|0|0|0|false|false|false|0|0|0|0|0|0|1|0|true|3|0|3|0|3|6|0|3|0|0|0|0|0|true|0|0|0|1|1|0|4|0|0|0|0|0
1|3|12|4628|4625|5498|11825|6570|8998|0|0|0|false|false|false|0|0|0|false|false|false|0|0|0|0|0|0|1|0|true|0|0|0|0|0|8|0|0|0|0|0|0|0|true|0|0|1|0|4|4|0|0|0|0|0|0
1|3|13|4628|4625|5498|11825|6570|8998|0|0|0|false|false|false|0|0|0|false|false|false|0|0|0|0|0|0|1|0|true|1|0|1|0|2|2|0|3|0|0|0|0|0|false|0|0|0|0|2|0|0|0|0|0|0|0
1|3|21|8564|5921|4947|9881|10318|7553|0|0|0|false|false|false|0|0|0|false|false|false|0|0|0|0|0|0|1|1|true|3|0|1|0|1|5|0|3|0|0|0|0|1|true|2|0|0|0|3|0|0|3|0|0|0|0
1|3|22|8564|5921|4947|9881|10318|7553|0|0|0|false|false|false|0|0|0|false|false|false|0|0|0|0|0|0|1|0|true|2|0|1|0|1|4|0|3|0|0|0|0|2|true|3|0|1|0|3|0|0|0|0|0|0|0
1|3|23|8564|5921|4947|9881|10318|7553|0|0|0|false|false|false|0|0|0|false|false|false|0|0|0|0|0|0|1|1|true|3|0|1|0|2|6|0|3|0|0|0|0|2|true|2|0|0|0|2|5|0|3|0|0|0|0
1|4|1|4628|4625|5498|9881|10318|7553|0|0|0|false|false|false|0|0|0|false|false|false|0|0|0|0|0|0|1|1|true|0|0|0|1|0|0|0|0|3|0|0|0|0|true|2|0|0|0|4|0|0|0|0|0|3|0
1|4|2|4628|4625|5498|9881|10318|7553|0|0|0|false|false|false|0|0|0|false|false|false|0|0|0|0|0|0|1|0|true|2|0|3|0|2|7|0|3|0|0|0|0|0|true|2|0|1|0|2|2|0|0|0|0|0|0
1|4|3|4628|4625|5498|9881|10318|7553|0|0|0|false|false|false|0|0|0|false|false|false|0|0|0|0|0|0|1|0|true|2|0|1|3|2|6|0|0|0|0|0|0|0|true|2|0|0|0|2|5|0|0|0|0|0|0
