1|1|1|4964|10618|0|9792|5439|0|0|0|0|false|false|false|0|0|0|false|false|false|0|0|0|0|0|0|1|0|false|1|0|1|0|1|4|1|3|0|0|0|0|0|false|0|0|0|0|3|0|0|0|0|0|0|0
1|1|2|11537|6127|0|11539|11514|0|0|0|0|false|false|false|0|0|0|false|false|false|0|0|0|0|0|0|1|0|true|0|0|0|0|1|2|0|0|0|0|0|0|0|true|0|0|0|1|2|0|3|0|0|0|0|0
1|1|3|7525|11684|0|9027|7951|0|0|0|0|false|false|false|0|0|0|false|false|false|0|0|0|0|0|0|1|0|false|0|0|0|0|2|0|0|1|0|0|0|0|0|true|0|0|0|0|2|0|0|0|0|0|0|0
1|1|4|9856|5893|0|11126|10588|0|0|0|0|false|false|false|0|0|0|false|false|false|0|0|0|0|0|0|1|0|false|1|0|1|0|3|3|0|0|0|0|0|0|0|true|0|1|1|0|1|2|0|3|0|0|0|0
1|1|5|3409|10715|0|11704|11470|0|0|0|0|false|false|false|0|0|0|false|false|false|0|0|0|0|0|0|1|0|true|1|0|1|1|3|2|2|2|0|0|0|0|0|true|0|0|3|0|1|0|0|0|0|0|0|0
1|1|6|10265|5404|0|5108|10444|0|0|0|0|false|false|false|0|0|0|false|false|false|0|0|0|0|0|0|1|1|false|0|0|0|0|3|0|0|0|0|0|0|0|0|true|2|0|1|1|1|4|0|0|0|0|0|0
1|1|7|5190|6168|0|7424|11768|0|0|0|0|false|false|false|0|0|0|false|false|false|0|0|0|0|0|0|1|0|false|0|0|0|0|3|5|0|0|0|0|0|0|0|false|0|0|0|0|1|0|0|0|0|0|0|0
1|1|8|5119|8403|0|8461|6153|0|0|0|0|false|false|false|0|0|0|false|false|false|0|0|0|0|0|0|1|1|true|2|0|1|0|2|7|0|3|0|0|0|0|2|false|0|0|0|0|2|2|0|3|0|0|0|0
1|1|9|5035|11684|0|11501|5095|0|0|0|0|false|false|false|0|0|0|false|false|false|0|0|0|0|0|0|1|0|true|2|0|0|0|4|8|0|0|0|0|0|0|0|false|0|0|0|0|0|2|0|0|0|0|0|0
1|1|10|11704|11126|0|5404|11539|0|0|0|0|false|false|false|0|0|0|false|false|false|0|0|0|0|0|0|1|0|true|1|0|0|1|3|1|0|0|0|0|0|0|0|false|0|0|0|3|0|0|0|0|0|0|0|0
1|1|11|7525|11514|0|10618|10715|0|0|0|0|false|false|false|0|0|0|false|false|false|0|0|0|0|0|0|1|0|true|0|0|0|1|2|0|1|0|0|0|0|0|0|true|0|0|0|1|0|0|0|2|0|0|0|0
1|1|12|5439|7424|0|3409|6127|0|0|0|0|false|false|false|0|0|0|false|false|false|0|0|0|0|0|0|1|0|false|1|0|0|3|1|2|0|0|0|0|0|0|0|false|1|0|0|0|3|4|0|0|0|0|0|0
1|1|13|5095|11470|0|5119|7951|0|0|0|0|false|false|false|0|0|0|false|false|false|0|0|0|0|0|0|1|0|false|0|0|0|3|0|0|0|0|0|0|0|0|0|true|2|0|1|0|4|12|0|3|0|0|0|0
1|1|14|10444|11501|0|5893|5190|0|0|0|0|false|false|false|0|0|0|false|false|false|0|0|0|0|0|0|1|0|true|2|0|1|0|3|0|0|0|0|1|0|0|0|false|1|0|0|0|1|1|0|1|0|0|0|1
1|1|15|6168|5108|0|9027|9856|0|0|0|0|false|false|false|0|0|0|false|false|false|0|0|0|0|0|0|1|0|true|0|0|0|0|3|4|0|0|0|0|0|0|0|true|0|0|0|1|1|0|0|0|0|0|0|0
1|1|16|10265|4964|0|8403|11537|0|0|0|0|false|false|false|0|0|0|false|false|false|0|0|0|0|0|0|1|2|true|2|0|0|1|1|9|0|3|0|0|0|0|1|false|0|0|0|0|3|0|0|0|0|0|0|0
1|1|17|10588|11768|0|5035|8461|0|0|0|0|false|false|false|0|0|0|false|false|false|0|0|0|0|0|0|1|0|true|0|0|1|0|1|0|0|2|0|0|0|1|0|true|0|0|1|0|3|6|0|3|0|1|0|0
1|1|18|9792|7424|0|6153|10444|0|0|0|0|false|false|false|0|0|0|false|false|false|0|0|0|0|0|0|1|0|true|0|0|1|0|0|0|0|2|0|0|0|0|0|true|1|0|0|1|4|3|0|0|0|0|0|0
1|1|19|5190|5439|0|9027|5095|0|0|0|0|false|false|false|0|0|0|false|false|false|0|0|0|1|0|0|1|0|false|0|0|0|0|3|0|0|0|0|0|0|0|0|false|0|0|0|0|1|0|1|0|0|0|0|0
1|1|20|11501|5119|0|11126|11537|0|0|0|0|false|false|false|0|0|0|false|false|false|0|0|0|0|0|0|1|0|true|1|0|0|1|3|0|0|0|0|0|0|0|0|true|2|0|1|0|1|5|0|2|0|0|0|0
1|1|21|6127|10715|0|5035|5404|0|0|0|0|false|false|false|0|0|0|false|false|false|0|0|0|0|0|0|1|1|true|0|0|0|1|3|0|0|0|0|0|0|0|0|true|2|0|0|0|1|2|0|0|0|0|0|0
1|1|22|3409|7951|0|10618|6168|0|0|0|0|false|false|false|0|0|0|false|false|false|0|0|0|0|0|0|1|2|true|1|0|0|0|2|0|0|0|0|0|0|0|0|true|0|0|0|1|2|3|1|0|0|0|0|0
1|1|23|5893|10265|0|9792|8461|0|0|0|0|false|false|false|0|0|0|false|false|false|0|0|0|0|0|0|1|2|true|2|0|0|1|2|1|0|1|0|0|0|0|0|true|0|0|0|0|2|0|0|0|0|0|0|0
1|1|24|6153|5108|0|7525|4964|0|0|0|0|false|false|false|0|0|0|false|false|false|0|0|0|0|0|0|1|0|false|1|0|0|0|2|3|0|0|0|0|1|0|0|true|2|0|0|1|2|7|0|3|1|0|0|0
1|1|25|11470|11539|0|11684|10588|0|0|0|0|false|false|false|0|0|0|false|false|false|0|0|0|0|0|0|1|0|true|0|0|1|0|1|0|0|0|0|0|0|0|1|true|0|0|0|1|3|0|0|0|0|0|0|0
1|1|26|11768|9856|0|8403|11704|0|0|0|0|false|false|false|0|0|0|false|false|false|0|0|0|0|0|0|1|0|true|0|0|0|1|3|0|1|2|0|0|0|0|0|true|1|0|0|0|1|1|0|0|0|0|0|0
1|1|27|11514|9027|0|5035|7424|0|0|0|0|false|false|false|0|0|0|false|false|false|0|0|0|0|0|0|1|0|false|0|0|0|0|0|0|0|0|0|0|0|0|2|true|2|0|1|0|4|12|0|1|0|0|0|0
1|1|28|5404|11537|0|5095|3409|0|0|0|0|false|false|false|0|0|0|false|false|false|0|0|0|0|0|0|1|0|true|0|0|0|1|0|0|0|1|0|0|0|0|1|false|1|0|0|0|4|0|4|0|0|0|0|0
1|1|29|6127|6153|0|10265|11470|0|0|0|0|false|false|false|0|0|0|false|false|false|0|0|0|0|0|0|1|0|true|0|0|0|0|4|1|0|0|0|0|0|0|1|true|0|0|0|1|0|0|0|0|0|0|0|0
1|1|30|7951|9856|0|4964|5190|0|0|0|0|false|false|false|0|0|0|false|false|false|0|0|0|0|0|0|1|0|true|0|0|0|1|2|0|0|0|0|0|0|0|0|true|2|0|1|0|2|9|0|3|0|0|0|0
1|1|31|9792|6168|0|11704|11501|0|0|0|0|false|false|false|0|0|0|false|false|false|0|0|0|0|0|0|1|1|true|0|0|1|0|2|6|0|0|0|0|0|0|0|true|0|0|0|0|2|0|0|0|0|0|0|0
1|1|32|5893|11768|0|11684|11514|0|0|0|0|false|false|false|0|0|0|false|false|false|0|0|0|0|0|0|1|0|false|0|0|0|0|0|1|0|1|0|0|0|0|0|true|0|0|0|1|4|0|0|0|0|0|0|0
1|1|33|11126|8461|0|7525|5439|0|0|0|0|false|false|false|0|0|0|false|false|false|0|0|0|0|0|0|1|1|true|2|0|1|0|2|6|0|0|0|0|0|0|0|false|1|0|0|0|2|1|0|0|0|0|0|0
1|1|34|11539|10444|0|10715|5119|0|0|0|0|false|false|false|0|0|0|false|false|false|0|0|0|0|0|0|1|0|true|1|0|0|1|1|4|0|0|0|0|0|0|0|true|2|0|0|1|1|6|1|0|0|0|0|0
1|1|35|10588|8403|0|10618|5108|0|0|0|0|false|false|false|0|0|0|false|false|false|0|0|0|0|0|0|1|0|false|0|0|0|0|4|1|0|1|0|0|0|0|0|true|0|0|0|1|0|0|0|0|0|0|0|0
1|1|36|11684|5404|0|9792|9856|0|0|0|0|false|false|false|0|0|0|false|false|false|0|0|0|0|0|0|1|0|true|0|0|0|1|2|0|0|1|0|0|0|0|0|true|0|0|0|1|2|1|0|0|0|0|0|0
1|1|37|8461|9027|0|3409|4964|0|0|0|0|false|false|false|0|0|0|false|false|false|0|0|0|0|0|0|1|1|false|0|0|0|0|0|0|0|3|0|0|0|0|2|false|1|0|0|0|4|14|0|3|0|0|0|0
1|1|38|11704|11537|0|5439|5893|0|0|0|0|false|false|false|0|0|0|false|false|false|0|0|0|0|0|0|1|0|true|0|0|0|1|0|0|0|0|0|0|0|0|0|true|0|0|1|0|4|0|0|1|0|0|0|0
1|1|39|5119|7424|0|10588|7525|0|0|0|0|false|false|false|0|0|0|false|false|false|0|0|0|0|0|0|1|1|true|2|0|1|3|1|6|0|1|0|0|0|0|0|true|0|0|1|0|3|1|0|0|0|0|0|0
1|1|40|10715|11126|0|5190|8403|0|0|0|0|false|false|false|0|0|0|false|false|false|0|0|0|0|0|0|1|0|true|2|0|0|1|0|0|0|2|0|0|0|0|1|true|1|0|1|0|4|2|0|2|0|0|0|0
1|1|41|11470|5035|0|10618|10444|0|0|0|0|false|false|false|0|0|0|false|false|false|0|0|0|0|0|0|1|1|true|2|0|1|0|0|12|0|0|0|0|0|0|0|true|2|0|0|1|2|7|0|0|0|0|0|0
1|1|42|7951|5108|0|6127|11768|0|0|0|0|false|false|false|0|0|0|false|false|false|0|0|0|0|0|0|1|0|false|1|0|0|0|1|1|0|0|0|0|0|0|1|true|1|0|0|1|3|5|0|0|0|0|0|0
1|1|43|5095|11514|0|6168|6153|0|0|0|0|false|false|false|0|0|0|false|false|false|0|0|0|0|0|0|1|0|true|0|0|0|1|0|0|4|0|0|0|0|0|0|false|1|0|0|0|4|3|0|0|0|0|0|0
1|1|44|11539|11501|0|10265|9027|0|0|0|0|false|false|false|0|0|0|false|false|false|0|0|0|0|0|0|1|0|true|0|0|0|0|0|0|0|0|0|0|0|0|1|true|0|0|0|1|4|0|1|0|0|0|0|0
1|3|11|4964|5035|6168|11684|5893|10715|0|0|0|false|false|false|0|0|0|false|false|false|0|0|0|0|0|0|1|1|true|1|0|0|0|4|4|0|3|0|0|0|0|0|true|0|0|0|1|0|2|0|2|0|0|0|0
1|3|21|3409|5119|10265|5190|8403|8461|0|0|0|false|false|false|0|0|0|false|false|false|0|0|0|0|0|0|1|1|true|3|0|0|1|2|10|0|3|0|0|0|0|1|false|0|0|0|0|2|0|0|3|0|0|0|0
1|3|12|4964|5035|6168|11684|5893|10715|0|0|0|false|false|false|0|0|0|false|false|false|0|0|0|0|0|0|1|0|false|1|0|0|0|2|11|0|3|0|0|0|0|0|true|0|0|0|1|2|0|0|1|0|0|0|0
1|3|22|3409|5119|10265|5190|8403|8461|0|0|0|false|false|false|0|0|0|false|false|false|0|0|0|0|0|0|1|2|true|2|0|1|0|4|8|0|3|0|0|0|0|0|true|1|0|1|0|0|1|0|3|0|0|0|0
1|4|1|4964|5035|6168|3409|5119|10265|0|0|0|false|false|false|0|0|0|false|false|false|0|0|0|0|0|0|1|1|false|2|0|0|0|2|11|0|3|0|0|0|0|1|true|2|0|0|1|2|5|0|1|0|0|0|0
1|4|2|4964|5035|6168|3409|5119|10265|0|0|0|false|false|false|0|0|0|false|false|false|0|0|0|0|0|0|1|1|true|2|0|1|0|2|12|0|3|0|1|0|1|0|true|2|0|0|1|2|5|0|3|0|1|0|1
