1|1|1|7013|10652|0|9519|8949|0|0|0|0|false|false|false|0|0|0|false|false|false|0|0|0|0|0|0|1|2|true|2|0|1|0|2|14|0|0|0|0|0|0|1|false|2|0|0|0|2|2|0|0|0|0|0|0
1|1|2|9531|9520|0|9231|11170|0|0|0|0|false|false|false|0|0|0|false|false|false|0|0|0|0|0|0|1|0|false|2|0|0|3|0|2|0|0|0|0|0|0|0|false|0|0|0|0|3|1|0|0|0|0|0|0
1|1|3|7503|9470|0|3058|3965|0|0|0|0|false|false|false|0|0|0|false|false|false|0|0|0|0|0|0|1|0|false|0|0|0|0|3|1|0|1|0|0|0|0|2|true|0|0|0|1|1|2|0|3|0|0|0|0
1|1|4|9774|9518|0|10565|4097|0|0|0|0|false|false|false|0|0|0|false|false|false|0|0|0|0|0|0|1|1|false|0|0|0|0|2|0|0|0|0|0|0|0|2|true|2|0|0|1|2|7|0|0|0|0|0|0
1|1|5|8610|267|0|12002|4560|0|0|0|0|false|false|false|0|0|0|false|false|false|0|0|0|0|0|0|1|1|false|0|0|0|0|3|1|0|0|0|0|0|0|1|true|0|0|0|0|1|0|0|1|0|0|0|0
1|1|6|7516|187|0|750|10652|0|0|0|0|false|false|false|0|0|0|false|false|false|0|0|0|0|0|0|1|0|true|0|0|0|0|4|0|0|0|0|0|0|0|0|true|2|0|0|1|0|1|0|0|0|0|0|0
1|1|7|4560|10565|0|3965|9531|0|0|0|0|false|false|false|0|0|0|false|false|false|0|0|0|0|0|0|1|0|false|0|0|0|0|0|0|0|2|0|0|0|0|1|false|2|0|0|0|4|1|0|0|0|0|0|0
1|1|8|750|12002|0|9774|9519|0|0|0|0|false|false|false|0|0|0|true|false|false|0|0|0|0|0|0|1|0|true|2|0|0|0|3|1|0|0|0|0|0|0|2|true|0|0|1|0|0|0|0|1|0|0|0|0
1|1|9|8610|8949|0|7503|4097|0|0|0|0|false|false|false|0|0|0|false|false|false|0|0|0|0|0|0|1|2|false|1|0|0|3|2|5|0|2|0|0|0|0|0|true|0|0|0|1|1|2|0|0|0|0|0|0
1|1|10|9231|3058|0|7516|7013|0|0|0|0|false|false|false|0|0|0|false|false|false|0|0|0|0|0|0|1|0|false|1|0|0|0|1|1|0|0|0|0|0|0|2|true|2|0|1|0|2|7|0|3|0|0|0|0
1|1|11|11170|187|0|267|9518|0|0|0|0|false|false|false|0|0|0|false|false|false|0|0|0|0|0|0|1|0|true|0|0|1|0|3|0|0|0|0|0|0|1|0|true|0|0|3|0|1|0|1|1|0|1|0|0
1|1|12|9470|4560|0|9520|9774|0|0|0|0|false|false|false|0|0|0|false|true|false|0|0|0|0|0|0|1|0|false|0|0|0|0|4|0|0|1|0|0|0|0|2|false|1|0|3|0|0|2|0|0|0|0|0|0
1|1|13|750|8949|0|10565|11170|0|0|0|0|false|false|false|0|0|0|false|false|false|1|0|0|0|0|0|1|2|true|4|0|0|0|2|9|0|0|0|0|0|0|2|true|0|0|0|1|2|0|0|0|0|0|0|0
1|1|14|9470|9518|0|9531|9519|0|0|0|0|false|false|false|0|0|0|false|false|false|0|0|0|0|0|0|1|0|false|0|0|0|0|2|0|4|1|0|0|0|0|0|false|0|0|0|0|2|0|0|0|0|0|0|0
1|1|15|10652|3965|0|8610|9231|0|0|0|0|false|false|false|0|0|0|false|false|false|0|0|0|0|0|0|1|2|true|1|0|0|1|3|2|0|0|0|0|0|0|1|false|0|0|0|0|1|2|0|3|0|0|0|0
1|1|16|9520|7516|0|267|4097|0|0|0|0|false|false|false|0|0|0|false|false|false|0|0|0|0|0|0|1|0|true|1|0|3|1|3|5|0|0|1|0|0|0|0|true|1|0|1|0|1|4|0|0|0|0|1|0
1|1|17|12002|7013|0|7503|187|0|0|0|0|false|false|false|0|0|0|false|false|false|0|0|0|0|0|0|1|2|true|2|0|0|1|2|11|0|3|0|1|0|0|0|true|0|0|0|0|2|0|0|0|0|0|0|1
1|1|18|3058|4560|0|10652|9518|0|0|0|0|false|false|false|0|0|0|false|false|false|0|0|0|0|0|0|1|0|false|1|0|3|0|4|1|0|0|0|0|0|0|0|false|0|0|0|0|0|0|3|0|0|0|0|0
1|1|19|267|7503|0|9231|9519|0|0|0|0|false|false|false|0|0|0|false|false|false|0|0|0|0|0|0|1|0|true|1|0|0|1|0|0|0|0|0|0|0|0|0|true|0|0|0|0|4|0|0|0|0|0|0|0
1|1|20|8610|750|0|7013|9470|0|0|0|0|false|false|false|0|0|0|false|false|false|0|0|0|0|0|0|1|2|false|2|0|0|0|2|3|0|3|0|0|0|0|0|false|0|0|0|0|2|5|0|3|0|0|0|0
1|1|21|11170|4097|0|12002|3965|0|0|0|0|false|false|false|0|0|0|false|false|false|0|0|0|0|0|0|1|0|true|1|0|1|1|3|1|0|0|1|0|0|0|1|true|2|0|0|0|1|3|0|0|0|0|1|0
1|1|22|9520|187|0|10565|3058|0|0|0|0|false|false|false|0|0|0|false|false|false|0|0|0|0|0|0|1|0|false|0|0|3|0|3|1|0|0|0|0|0|0|2|false|2|0|0|0|1|3|0|0|0|0|0|0
1|1|23|7516|9531|0|9774|8949|0|0|0|0|false|false|false|0|0|0|true|false|false|0|0|0|0|0|0|1|0|true|0|0|1|0|4|0|0|0|0|0|0|0|2|false|1|0|0|3|0|7|0|0|0|0|0|0
1|1|24|9518|7503|0|750|9520|0|0|0|0|false|false|false|0|0|0|false|false|false|0|0|0|0|0|0|1|0|true|1|0|0|0|1|0|1|1|0|0|0|0|0|false|2|0|0|0|3|5|0|0|0|0|0|0
1|1|25|9774|3965|0|267|7013|0|0|0|0|true|false|false|0|0|0|false|false|false|0|0|0|0|0|0|1|2|true|2|0|0|1|1|0|0|0|0|0|0|0|2|true|2|0|0|1|3|10|0|3|0|0|0|0
1|1|26|9519|11170|0|7516|8610|0|0|0|0|false|false|false|0|0|0|false|false|false|0|0|0|0|0|0|1|0|true|2|0|0|1|3|0|0|0|1|0|0|0|0|false|0|0|0|0|1|0|0|0|0|0|1|0
1|1|27|9231|8949|0|187|4560|0|0|0|0|false|false|false|0|0|0|false|false|false|0|0|0|0|0|0|1|2|false|0|0|0|0|1|7|0|0|0|0|0|0|0|true|0|0|0|0|3|0|0|0|0|0|0|0
1|1|28|12002|10565|0|9470|10652|0|0|0|0|false|false|false|0|0|0|false|false|false|0|0|0|0|0|0|1|0|true|0|0|0|0|1|0|1|0|0|0|0|1|1|true|0|0|0|1|3|0|0|0|0|1|0|0
1|1|29|4097|9531|0|3058|750|0|0|0|0|false|false|false|0|0|0|false|false|false|0|0|0|0|0|0|1|1|true|2|0|1|0|3|1|0|1|0|0|0|0|0|false|3|0|0|0|1|2|0|2|0|0|0|0
1|3|11|9520|3965|4560|9470|9774|750|0|0|0|false|false|false|0|0|0|false|false|false|0|0|0|0|0|0|1|1|true|0|0|0|1|3|1|0|2|0|0|0|0|0|true|2|0|1|0|1|2|0|3|0|0|0|0
1|3|12|9520|3965|4560|9470|9774|750|0|0|0|false|false|false|0|0|0|false|false|false|0|0|0|0|0|0|1|1|false|0|0|0|0|2|4|0|0|0|0|0|0|1|false|2|0|1|0|2|3|0|0|0|0|0|0
1|3|21|8949|7013|8610|267|4097|3058|0|0|0|false|false|false|0|0|0|false|false|false|0|0|0|0|0|0|1|2|true|3|0|0|1|4|13|0|3|0|0|0|0|0|true|2|0|0|1|0|0|0|2|0|0|0|0
1|3|22|8949|7013|8610|267|4097|3058|0|0|0|false|false|false|0|0|0|false|false|false|0|0|0|0|0|0|1|2|true|3|0|1|3|4|14|0|3|1|0|0|0|0|false|0|0|0|0|0|1|0|3|0|0|1|0
1|4|1|9470|9774|750|8949|7013|8610|0|0|0|false|false|false|0|0|0|false|false|false|0|0|0|0|0|0|1|0|true|1|0|1|0|3|3|0|3|10|1|0|1|2|true|1|0|1|0|1|12|0|0|0|1|10|1
1|4|2|9470|9774|750|8949|7013|8610|0|0|0|false|false|false|0|0|0|false|false|false|0|0|0|0|0|0|1|0|false|0|0|0|0|3|0|0|0|0|4|0|0|2|false|1|0|3|3|1|9|0|3|0|0|0|4
