1|1|1|9177|6568|0|5257|8754|0|0|0|0|false|false|false|0|0|0|false|false|false|0|0|0|0|0|0|1|0|false|1|0|1|3|2|2|0|0|0|0|0|0|0|true|2|0|1|0|2|3|0|0|0|0|0|0
1|1|2|11799|7509|0|450|11555|0|0|0|0|false|false|false|0|0|0|false|false|false|0|0|0|0|0|0|1|0|true|1|0|1|0|1|0|0|0|0|0|0|0|1|false|3|0|0|0|2|3|0|0|0|0|0|0
1|1|3|6364|9207|0|10688|9497|0|0|0|0|false|false|false|0|0|0|false|false|false|0|0|0|0|0|0|1|0|true|0|0|1|0|0|0|0|3|0|0|0|0|0|true|0|0|0|0|4|0|0|0|0|0|0|0
1|1|4|8551|7625|0|10200|11796|0|0|0|0|false|false|false|0|0|0|false|false|false|0|0|0|0|0|0|1|0|false|2|0|0|0|0|1|0|0|0|0|0|0|0|true|2|0|3|1|4|1|0|0|0|0|0|0
1|1|5|11555|11799|0|6568|9497|0|0|0|0|false|false|false|0|0|0|false|false|false|0|0|0|0|0|0|1|0|true|2|0|0|0|1|8|0|0|0|0|0|0|0|true|0|0|1|0|2|0|0|0|0|0|0|0
1|1|6|9207|5257|0|450|10200|0|0|0|0|false|false|false|0|0|0|false|false|false|0|0|0|0|0|0|1|1|true|0|0|0|0|3|2|0|3|0|0|0|0|0|true|2|0|1|3|1|0|0|1|0|0|0|0
1|1|7|11796|7625|0|6364|9177|0|0|0|0|false|false|false|0|0|0|false|false|false|0|0|0|0|0|0|1|0|true|2|0|1|0|2|0|0|0|0|0|0|0|0|true|2|0|0|3|1|2|0|1|0|0|0|0
1|1|8|7509|8754|0|10688|8551|0|0|0|0|false|false|false|0|0|0|false|false|false|0|0|0|0|0|0|1|0|true|2|0|0|1|3|0|0|1|0|0|0|0|0|true|1|0|0|1|1|0|0|0|0|0|0|0
1|1|9|11555|9497|0|5257|9177|0|0|0|0|false|false|false|0|0|0|false|false|false|0|0|0|0|0|0|1|0|false|2|0|0|0|1|6|0|0|0|0|0|0|0|true|2|0|0|1|2|5|0|1|0|0|0|0
1|1|10|8754|10200|0|11799|6364|0|0|0|0|false|false|false|0|0|0|false|false|false|0|0|0|0|0|0|1|0|true|2|0|1|3|3|0|0|0|0|0|0|0|0|false|0|0|3|0|1|1|0|1|0|0|0|0
1|1|11|7509|9207|0|11796|6568|0|0|0|0|false|false|false|0|0|0|false|false|false|0|0|0|0|0|0|1|0|false|2|0|0|0|2|0|0|3|0|0|0|0|0|true|1|0|3|1|2|2|0|0|0|0|0|0
1|1|12|450|8551|0|10688|7625|0|0|0|0|false|false|false|0|0|0|false|false|false|0|0|0|0|0|0|1|0|true|3|0|0|0|4|1|0|1|0|0|0|0|0|false|0|0|3|0|0|0|0|0|0|0|0|0
1|1|13|9177|9497|0|7509|10200|0|0|0|0|false|false|false|0|0|0|false|false|false|0|0|0|0|0|0|1|0|true|2|0|1|0|2|1|0|0|0|0|0|0|0|false|2|0|0|0|2|0|0|0|0|0|0|0
1|1|14|10688|11796|0|11799|5257|0|0|0|0|false|false|false|0|0|0|false|false|false|0|0|0|0|0|0|1|0|true|2|0|1|0|1|3|0|1|0|0|0|0|0|true|2|0|0|0|2|8|0|0|0|0|0|0
1|1|15|6568|450|0|8551|6364|0|0|0|0|false|false|false|0|0|0|false|false|false|0|0|0|0|0|0|1|0|true|1|0|1|3|4|0|0|1|1|0|0|0|0|true|3|0|0|0|0|0|0|0|0|0|1|0
1|1|16|11555|8754|0|9207|7625|0|0|0|0|false|false|false|0|0|0|false|false|false|0|0|0|0|0|0|1|0|true|2|0|3|1|3|5|0|1|0|0|0|0|0|false|0|0|1|0|0|0|0|3|0|0|0|0
1|1|17|6364|5257|0|7509|8551|0|0|0|0|false|false|false|0|0|0|false|false|false|0|0|0|0|0|0|1|0|true|2|0|1|0|1|4|0|0|0|0|0|0|2|true|1|0|3|0|3|3|0|0|0|0|0|0
1|1|18|11796|450|0|8754|9497|0|0|0|0|false|false|false|0|0|0|false|false|false|0|0|0|0|0|0|1|0|true|3|0|0|1|2|1|0|0|0|0|0|0|0|true|2|0|1|0|2|0|0|0|0|0|0|0
1|1|19|10200|10688|0|6568|11555|0|0|0|0|false|false|false|0|0|0|false|false|false|0|0|0|0|0|0|1|0|true|0|0|1|0|4|0|0|0|0|0|0|0|0|true|2|0|0|0|0|6|0|0|0|0|0|0
1|1|20|7625|9177|0|9207|11799|0|0|0|0|false|false|false|0|0|0|false|false|false|0|0|0|0|0|0|1|0|true|1|0|1|0|4|3|0|0|0|0|0|0|0|true|0|0|1|3|0|0|0|1|0|0|0|0
1|3|11|5257|8754|0|7509|9207|0|0|0|0|false|false|false|0|0|0|false|false|false|0|0|0|0|0|0|1|0|true|1|0|1|0|1|5|0|0|0|0|0|0|0|true|1|0|3|0|3|0|0|1|0|0|0|0
1|3|21|9177|11555|0|450|11796|0|0|0|0|false|false|false|0|0|0|false|false|false|0|0|0|0|0|0|1|0|false|3|0|0|0|2|7|0|0|0|0|0|0|0|true|3|0|1|3|2|2|0|1|0|0|0|0
1|3|12|5257|8754|0|7509|9207|0|0|0|0|false|false|false|0|0|0|false|false|false|0|0|0|0|0|0|1|0|true|2|0|1|0|0|3|0|0|0|1|1|0|0|true|1|0|3|0|4|0|0|0|1|0|0|1
1|3|22|9177|11555|0|450|11796|0|0|0|0|false|false|false|0|0|0|false|false|false|0|0|0|0|0|0|1|0|false|3|0|3|0|1|6|1|1|0|0|0|0|0|true|1|0|1|3|3|3|0|1|0|0|0|0
1|3|23|9177|11555|0|450|11796|0|0|0|0|false|false|false|0|0|0|false|false|false|0|0|0|0|0|0|1|0|true|2|0|0|0|2|7|0|0|0|0|0|0|0|true|3|0|1|3|2|3|0|1|0|0|0|0
1|3|24|9177|11555|0|450|11796|0|0|0|0|false|false|false|0|0|0|false|false|false|0|0|0|0|0|0|1|0|true|0|0|0|0|1|9|0|0|0|0|0|0|0|true|1|0|1|0|3|3|0|1|0|0|0|0
1|4|1|7509|9207|0|450|11796|0|0|0|0|false|false|false|0|0|0|false|false|false|0|0|0|0|0|0|1|0|false|0|0|3|0|3|0|0|1|0|0|0|0|0|true|1|0|1|0|1|2|0|0|0|0|0|0
1|4|2|7509|9207|0|450|11796|0|0|0|0|false|false|false|0|0|0|false|false|false|0|0|0|0|0|0|1|0|true|0|0|3|0|3|0|0|1|0|0|0|0|0|true|2|0|0|0|0|0|0|1|0|0|0|0
1|4|3|7509|9207|0|450|11796|0|0|0|0|false|false|false|0|0|0|false|false|false|0|0|0|0|0|0|1|0|true|1|0|3|0|2|0|0|1|0|0|0|0|0|true|1|0|1|3|2|2|0|0|0|0|0|0
1|4|4|7509|9207|0|450|11796|0|0|0|0|false|false|false|0|0|0|false|false|false|0|0|0|0|0|0|1|0|true|0|0|0|0|1|0|0|1|0|0|0|0|0|true|2|0|1|3|3|1|0|1|0|0|0|0
