1|1|1|9476|5449|0|5618|11254|0|0|0|0|false|false|false|0|0|0|false|false|false|0|0|0|0|0|0|1|0|true|0|0|0|0|3|0|0|0|0|0|0|0|0|true|0|0|0|1|1|0|0|0|0|0|0|0
1|1|2|11855|11762|0|9883|9376|0|0|0|0|false|false|false|0|0|0|false|false|false|0|0|0|0|0|0|1|0|false|0|0|0|0|4|0|0|0|0|0|0|0|0|true|1|0|0|0|0|1|0|0|0|0|0|0
1|1|3|9133|9855|0|10028|8513|0|0|0|0|false|false|false|0|0|0|false|false|false|0|0|0|0|0|0|1|0|true|0|0|3|0|3|0|0|0|0|0|0|0|0|true|1|0|0|1|1|0|0|0|0|0|0|0
1|1|4|6494|10309|0|12101|7228|0|0|0|0|false|false|false|0|0|0|false|false|false|0|0|0|0|0|0|1|0|false|1|0|0|0|4|2|0|0|0|0|0|0|0|true|2|0|0|1|0|6|0|0|0|0|0|0
1|1|5|5386|11786|0|11870|8553|0|0|0|0|false|false|false|0|0|0|false|false|false|0|0|0|0|0|0|1|1|true|0|0|1|3|1|0|0|3|0|0|0|0|0|false|0|0|0|0|3|2|0|0|0|0|0|0
1|1|6|8239|11217|0|11714|9499|0|0|0|0|false|false|false|0|0|0|false|false|false|0|0|0|0|0|0|1|1|true|0|0|3|0|3|0|4|0|0|0|0|0|0|false|0|0|0|0|0|0|1|0|0|0|0|0
1|1|7|10028|9376|0|6494|11254|0|0|0|0|false|false|false|0|0|0|false|false|false|0|0|0|0|0|0|1|0|true|1|0|0|0|2|1|0|0|0|0|0|0|0|true|1|0|0|1|1|4|0|0|0|0|0|0
1|1|8|8553|9855|0|11762|7228|0|0|0|0|false|false|false|0|0|0|false|false|false|0|0|0|0|0|0|1|1|false|0|0|0|0|1|3|1|0|0|0|0|0|0|false|1|0|0|0|3|3|0|0|0|0|0|0
1|1|9|5618|8239|0|9883|5386|0|0|0|0|false|false|false|0|0|0|false|false|false|0|0|0|0|0|0|1|2|false|0|0|0|0|3|1|3|0|0|0|0|0|0|true|0|0|0|1|1|0|0|3|0|0|0|0
1|1|10|11855|9499|0|5449|10309|0|0|0|0|false|false|false|0|0|0|false|false|false|0|0|0|0|0|0|1|0|true|0|0|1|0|0|1|0|0|0|1|0|0|1|true|0|0|0|0|1|1|0|0|0|0|0|1
1|1|11|11217|11870|0|12101|8513|0|0|0|0|false|false|false|0|0|0|false|false|false|0|0|0|0|0|0|1|0|false|0|0|0|0|4|1|0|3|0|1|0|0|0|false|0|0|0|0|0|0|0|2|0|0|0|1
1|1|12|11714|9133|0|11786|9476|0|0|0|0|false|false|false|0|0|0|false|false|false|0|0|0|0|0|0|1|0|false|0|1|0|3|1|0|0|0|0|0|0|0|0|true|0|0|3|0|2|0|0|0|0|0|0|0
1|1|13|5386|7228|0|9499|9376|0|0|0|0|false|false|false|0|0|0|false|false|false|0|0|0|0|0|0|1|1|false|1|0|0|0|1|3|0|2|0|0|0|0|0|true|0|0|0|0|3|1|0|0|0|0|0|0
1|1|14|12101|9855|0|8239|11855|0|0|0|0|false|false|false|0|0|0|false|false|false|0|0|0|0|0|0|1|0|true|0|0|0|1|2|2|0|0|1|0|0|0|0|true|0|1|3|0|1|1|1|0|0|0|1|0
1|1|15|8513|5618|0|11786|6494|0|0|0|0|false|false|false|0|0|0|false|false|false|0|0|0|0|0|0|1|2|true|0|0|0|0|1|3|0|2|0|0|0|0|0|false|0|0|0|0|2|1|0|0|0|0|0|0
1|1|16|10028|9476|0|8553|11217|0|0|0|0|false|false|false|0|0|0|false|false|false|0|0|0|0|0|0|1|0|true|0|0|0|0|4|0|0|0|0|0|0|0|0|false|1|0|0|0|0|4|0|0|0|0|0|0
1|1|17|10309|11714|0|11254|11762|0|0|0|0|false|false|false|0|0|0|false|false|false|0|0|0|0|0|0|1|1|false|0|0|0|0|1|1|3|0|1|0|0|0|0|true|0|0|1|0|3|1|0|0|0|0|1|0
1|1|18|11870|9883|0|9133|5449|0|0|0|0|false|false|false|0|0|0|false|false|false|0|0|0|0|0|0|1|0|true|0|0|1|0|0|0|2|0|0|0|0|0|0|false|0|0|0|0|2|0|0|0|0|0|0|0
1|1|19|7228|5618|0|11217|11855|0|0|0|0|false|false|false|0|0|0|false|false|false|0|0|0|0|0|0|1|0|true|0|0|1|0|2|4|0|0|0|0|0|0|0|false|0|0|0|0|2|2|0|0|0|0|0|0
1|1|20|11762|8513|0|9476|5386|0|0|0|0|false|false|false|0|0|0|false|false|false|0|0|0|0|0|0|1|0|true|0|0|0|1|3|0|0|2|0|0|0|0|1|false|0|0|0|0|1|0|0|3|0|0|0|0
1|1|21|8553|9376|0|5449|8239|0|0|0|0|false|false|false|0|0|0|false|false|false|0|0|0|0|0|0|1|2|true|2|0|1|3|2|1|0|1|0|0|0|0|0|true|0|0|0|0|2|0|3|0|0|0|0|0
1|1|22|9499|11254|0|9133|12101|0|0|0|0|false|false|false|0|0|0|false|false|false|0|0|0|0|0|0|1|0|false|0|0|0|0|4|3|0|1|0|0|0|0|0|false|0|0|0|0|0|0|0|0|0|0|0|0
1|1|23|6494|11870|0|9855|11714|0|0|0|0|false|false|false|0|0|0|false|false|false|0|0|0|0|0|0|1|0|false|0|0|0|0|3|4|0|3|0|0|1|0|0|false|0|0|0|0|1|2|2|0|1|0|0|0
1|1|24|11786|9883|0|10028|10309|0|0|0|0|false|false|false|0|0|0|false|false|false|0|0|0|0|0|0|1|0|false|0|0|0|0|0|1|1|0|1|0|0|0|2|true|0|0|0|0|4|1|0|0|0|0|1|0
1|1|25|11254|8513|0|7228|8239|0|0|0|0|false|false|false|0|0|0|false|false|false|0|0|0|0|0|0|1|1|true|1|0|0|1|2|2|0|0|0|1|0|0|1|true|2|0|0|0|2|8|1|0|0|0|0|1
1|1|26|9133|5386|0|6494|11855|0|0|0|0|false|false|false|0|0|0|false|false|false|0|0|0|0|0|0|1|0|false|0|0|0|0|0|1|0|3|0|0|0|0|2|false|0|0|0|0|4|2|0|0|0|0|0|0
1|1|27|9476|9376|0|10309|11870|0|0|0|0|false|false|false|0|0|0|false|false|false|0|0|0|0|0|0|1|0|true|0|0|0|0|0|0|0|1|0|0|0|0|0|false|0|0|0|0|4|1|0|3|0|0|0|0
1|1|28|9499|11762|0|5618|10028|0|0|0|0|false|false|false|0|0|0|false|false|false|0|0|0|0|0|0|1|0|false|0|0|0|0|3|0|0|1|0|0|0|0|1|false|0|0|0|0|1|4|0|0|0|0|0|0
1|1|29|9855|5449|0|11786|11217|0|0|0|0|false|false|false|0|0|0|false|false|false|0|0|0|0|0|0|1|0|true|0|0|0|1|0|0|0|0|0|0|0|0|0|true|0|0|0|0|4|0|0|0|0|0|0|0
1|1|30|9883|12101|0|11714|8553|0|0|0|0|false|false|false|0|0|0|false|false|false|0|0|0|0|0|0|1|0|false|0|0|0|0|0|1|0|0|0|0|1|0|1|true|1|0|0|1|4|3|0|0|1|0|0|0
1|3|11|7228|5386|10309|9476|11254|8553|0|0|0|false|false|false|0|0|0|false|false|false|0|0|0|0|0|0|1|1|true|1|0|0|1|0|4|0|1|0|0|0|1|1|true|3|0|1|0|4|5|0|0|0|1|0|0
1|3|21|8239|6494|11217|5618|11870|8513|0|0|0|false|false|false|0|0|0|false|false|false|0|0|0|0|0|0|1|2|true|0|2|4|3|3|0|9|0|1|0|0|0|0|true|0|0|0|0|1|0|0|3|0|0|1|0
1|3|12|7228|5386|10309|9476|11254|8553|0|0|0|false|false|false|0|0|0|false|false|false|0|0|0|0|0|0|1|0|false|0|0|0|0|2|0|0|1|0|0|0|0|0|true|2|0|0|1|2|2|0|0|0|0|0|0
1|3|22|8239|6494|11217|5618|11870|8513|0|0|0|false|false|false|0|0|0|false|false|false|0|0|0|0|0|0|1|1|false|0|0|0|0|3|0|14|0|0|0|0|0|2|true|0|0|0|0|1|2|0|2|0|0|0|0
1|3|23|8239|6494|11217|5618|11870|8513|0|0|0|false|false|false|0|0|0|false|false|false|0|0|0|0|0|0|1|1|true|0|2|3|3|4|3|0|0|1|0|0|0|1|true|0|1|3|0|0|0|0|3|0|0|1|0
1|4|1|9476|11254|8553|8239|6494|11217|0|0|0|false|false|false|0|0|0|false|false|false|0|0|0|0|0|0|1|1|false|1|0|0|0|2|6|0|0|0|0|0|0|2|false|0|0|0|1|2|2|2|0|0|0|0|0
1|4|2|9476|11254|8553|8239|6494|11217|0|0|0|false|false|false|0|0|0|false|false|false|0|0|0|0|0|0|1|1|false|0|0|0|0|1|0|0|0|0|0|0|1|0|true|0|0|1|0|3|0|7|0|0|1|0|0
1|4|3|9476|11254|8553|8239|6494|11217|0|0|0|false|false|false|0|0|0|false|false|false|0|0|0|0|0|0|1|1|true|1|0|0|1|4|6|0|0|0|0|0|0|2|false|0|0|0|0|0|0|0|0|0|0|0|0
