1|1|1|11176|12095|0|10856|11726|0|0|0|0|false|false|false|0|0|0|false|false|false|0|0|0|0|0|0|1|0|false|0|0|0|0|1|0|0|0|0|0|0|0|0|false|0|0|0|0|0|0|0|0|0|0|0|0
1|1|2|8531|11432|0|8377|8376|0|0|0|0|false|false|false|0|0|0|false|false|false|0|0|0|0|0|0|1|0|true|2|0|0|0|3|3|0|0|0|0|0|0|0|false|0|0|0|0|1|0|0|0|0|0|0|0
1|1|3|10210|12113|0|10280|9352|0|0|0|0|false|false|false|0|0|0|false|false|false|0|0|0|0|0|0|1|0|false|0|0|0|0|0|0|0|0|0|0|0|0|0|false|0|0|0|0|0|0|0|0|0|0|0|0
1|1|4|12177|9572|0|12112|11438|0|0|0|0|false|false|false|0|0|0|false|false|false|0|0|0|0|0|0|1|0|true|0|0|0|0|1|0|0|0|0|0|0|1|0|true|0|0|0|0|3|0|0|0|0|1|0|0
1|1|5|11432|12113|0|11013|12095|0|0|0|0|false|false|false|0|0|0|false|false|false|0|0|0|0|0|0|1|0|false|0|0|0|0|3|0|0|0|0|0|0|0|0|false|0|0|0|0|1|0|0|0|0|0|0|0
1|1|6|12112|10856|0|10280|8377|0|0|0|0|false|false|false|0|0|0|false|false|false|0|0|0|0|0|0|1|0|false|0|0|0|0|0|0|0|0|0|0|0|0|0|false|0|0|0|0|4|0|0|0|0|0|0|0
1|1|7|11013|12177|0|11726|8531|0|0|0|0|false|false|false|0|0|0|false|false|false|0|0|0|0|0|0|1|0|false|0|0|0|0|2|0|0|0|0|0|0|0|0|true|2|0|2|0|2|2|0|0|0|0|0|0
1|1|8|8376|9352|0|11176|9572|0|0|0|0|false|false|false|0|0|0|false|false|false|0|0|0|0|0|0|1|0|true|0|0|1|0|0|0|0|0|1|0|0|0|0|true|0|0|1|0|4|0|0|3|0|0|1|0
1|1|9|10210|12095|0|11438|12177|0|0|0|0|false|false|false|0|0|0|false|false|false|0|0|0|0|0|0|1|0|true|0|0|0|0|3|0|0|0|0|0|0|0|0|true|0|0|1|0|1|0|0|0|0|0|0|0
1|1|10|11432|11013|0|10280|11176|0|0|0|0|false|false|false|0|0|0|false|false|false|1|0|0|1|0|0|1|0|true|0|0|0|0|3|0|0|0|0|0|0|0|0|true|0|0|1|0|1|0|0|0|0|0|0|0
1|1|11|11726|9572|0|8377|12113|0|0|0|0|false|false|false|0|0|0|false|false|false|0|0|0|1|0|0|1|0|true|0|0|0|0|0|0|0|3|0|0|0|0|0|true|0|0|0|0|4|0|3|0|0|0|0|0
1|1|12|9352|8531|0|11438|10856|0|0|0|0|false|false|false|0|0|0|false|false|false|0|0|0|0|0|0|1|0|true|1|0|0|0|1|2|0|0|0|0|0|0|0|true|0|0|1|0|3|0|0|0|0|0|0|0
1|1|13|10210|12112|0|8376|11013|0|0|0|0|false|false|false|0|0|0|false|false|false|0|0|0|0|0|0|1|0|false|0|0|0|0|4|0|0|0|0|0|0|0|0|false|0|0|0|0|0|0|0|0|0|0|0|0
1|1|14|8531|9572|0|10280|12095|0|0|0|0|false|false|false|0|0|0|false|false|false|0|0|0|0|0|0|1|0|true|2|0|0|0|3|3|0|0|0|0|0|0|0|true|0|0|1|0|1|0|0|0|0|0|0|0
1|1|15|8377|11176|0|11438|10210|0|0|0|0|false|false|false|0|0|0|false|false|false|0|0|0|0|0|0|1|0|true|0|0|1|0|4|0|0|0|0|0|0|0|0|true|0|0|1|0|0|0|0|0|0|0|0|0
1|1|16|11726|9352|0|12112|11432|0|0|0|0|false|false|false|0|0|0|false|false|false|0|0|0|0|0|0|1|0|true|0|0|1|0|1|0|0|0|0|0|0|0|0|true|0|0|1|0|3|0|0|0|0|0|0|0
1|1|17|10856|8376|0|12177|12113|0|0|0|0|false|false|false|0|0|0|false|false|false|0|0|0|0|0|0|1|0|false|0|0|0|0|0|0|0|0|0|0|0|0|0|true|0|0|1|0|4|0|6|0|0|0|0|0
1|1|18|11013|8377|0|9352|12095|0|0|0|0|false|false|false|0|0|0|false|false|false|0|0|0|0|0|0|1|0|true|0|0|0|0|2|0|0|0|0|0|0|0|0|true|0|0|1|0|2|0|0|0|0|0|0|0
1|1|19|10856|11432|0|10210|9572|0|0|0|0|false|false|false|0|0|0|false|false|false|0|0|0|0|0|0|1|0|true|0|0|0|0|2|0|0|0|0|0|0|0|0|true|0|0|0|0|2|0|0|2|0|0|0|0
1|1|20|11438|10280|0|11726|8376|0|0|0|0|false|false|false|0|0|0|false|false|false|0|0|0|0|0|0|1|0|true|0|0|1|1|3|0|0|0|0|0|0|0|0|true|0|0|0|0|1|0|0|0|0|0|0|0
1|1|21|12112|11176|0|8531|12113|0|0|0|0|false|false|false|0|0|0|false|false|false|0|0|0|0|0|0|1|0|true|0|0|0|0|1|0|0|0|0|0|0|0|0|true|2|0|1|1|3|4|5|0|0|0|0|0
1|1|22|12177|10280|0|11432|8377|0|0|0|0|false|false|false|0|0|0|false|false|false|0|0|0|0|0|0|1|0|false|0|0|0|0|0|0|2|0|0|0|0|0|0|true|0|0|0|0|4|0|0|0|0|0|0|0
1|3|11|8531|9572|0|10210|12095|0|0|0|0|false|false|false|0|0|0|false|false|false|0|0|0|0|0|0|1|0|true|1|0|0|0|3|0|0|0|0|0|0|0|0|true|0|0|1|0|1|0|0|0|0|0|0|0
1|3|21|12113|12177|0|11432|10280|0|0|0|0|false|false|false|0|0|0|false|false|false|0|0|0|0|0|0|1|0|true|0|0|0|0|1|0|7|0|0|0|0|0|0|true|0|0|1|0|3|0|0|0|0|0|0|0
1|3|12|8531|9572|0|10210|12095|0|0|0|0|false|false|false|0|0|0|false|false|false|0|0|0|0|0|0|1|0|true|2|0|0|0|1|1|0|0|0|0|0|0|0|true|0|0|1|0|3|0|0|0|0|0|0|0
1|3|22|12113|12177|0|11432|10280|0|0|0|0|false|false|false|0|0|0|false|false|false|0|0|0|0|0|0|1|0|true|0|0|1|0|3|0|4|0|0|0|0|0|0|true|0|0|1|0|1|0|0|0|0|0|0|0
1|3|23|12113|12177|0|11432|10280|0|0|0|0|false|false|false|0|0|0|false|false|false|0|0|0|0|0|0|1|0|true|0|0|0|0|1|0|3|0|0|0|0|0|0|true|0|0|1|0|3|0|0|0|0|0|0|0
1|4|1|8531|9572|0|11432|10280|0|0|0|0|false|false|false|0|0|0|false|false|false|0|0|0|0|0|0|1|0|true|2|0|0|0|4|1|0|0|0|0|2|1|0|true|0|0|1|0|0|0|0|0|2|1|0|0
1|4|2|8531|9572|0|11432|10280|0|0|0|0|false|false|false|0|0|0|false|false|false|0|0|0|0|0|0|1|0|true|2|0|0|0|0|1|0|3|0|0|0|0|0|true|0|0|1|0|4|0|0|0|0|0|0|0
