1|1|1|7953|4634|0|6633|6010|0|0|0|0|false|false|false|0|0|0|false|false|false|0|0|0|0|0|0|1|0|true|1|0|0|0|1|1|0|0|0|0|0|0|0|true|0|0|0|0|3|0|0|0|0|0|0|0
1|1|2|3749|11718|0|8597|11315|0|0|0|0|false|false|false|0|0|0|false|false|false|0|0|0|0|0|0|1|0|true|0|0|0|1|1|0|0|3|1|0|0|0|0|false|0|0|0|0|0|1|1|0|0|0|1|0
1|1|3|519|9064|0|8383|6383|0|0|0|0|false|false|false|0|0|0|false|false|false|0|0|0|0|0|0|1|2|true|2|0|1|0|4|3|0|0|0|0|0|0|0|false|0|0|0|0|0|0|6|0|0|0|0|0
1|1|4|10442|9813|0|11479|226|0|0|0|0|false|false|false|0|0|0|false|false|false|0|0|0|0|0|0|1|0|false|0|0|0|0|2|0|2|0|0|1|0|0|0|false|0|0|0|0|0|0|2|0|0|0|0|1
1|1|5|8095|7729|0|33|10869|0|0|0|0|false|false|false|0|0|0|false|false|false|0|0|0|0|0|0|1|0|true|1|0|0|1|2|6|0|0|1|0|0|0|0|true|0|0|1|0|0|0|0|0|0|0|1|0
1|1|6|11804|9073|0|9830|7117|0|0|0|0|false|false|false|0|0|0|false|false|false|0|0|0|0|0|0|1|0|false|1|0|0|0|4|5|0|0|0|0|0|0|0|false|1|0|0|0|0|2|0|0|0|0|0|0
1|1|7|9064|11718|0|4634|9813|0|0|0|0|false|false|false|0|0|0|false|false|false|0|0|0|0|0|0|1|0|false|0|0|0|0|3|0|0|0|1|1|0|0|0|false|1|0|0|0|0|1|0|0|0|0|1|1
1|1|8|8597|8383|0|7729|6010|0|0|0|0|false|false|false|0|0|0|false|false|false|0|0|0|0|0|0|1|0|false|1|0|0|0|0|0|0|0|1|0|0|0|0|false|0|0|0|0|4|1|0|0|0|0|1|0
1|1|9|6383|10869|0|7953|11804|0|0|0|0|false|false|false|0|0|0|false|false|false|0|0|0|0|0|0|1|0|false|0|0|0|0|0|0|0|0|1|0|0|0|0|true|1|0|1|0|3|0|0|0|0|0|1|0
1|1|10|6633|33|0|11479|9073|0|0|0|0|false|false|false|0|0|0|false|false|false|0|0|0|0|0|0|1|0|false|0|0|0|0|1|0|0|0|0|0|0|0|0|false|2|0|0|0|2|2|1|0|0|0|0|0
1|1|11|226|3749|0|519|7117|0|0|0|0|false|false|false|0|0|0|false|false|false|0|0|0|0|0|0|1|0|true|1|0|1|0|0|0|0|3|0|0|0|0|1|true|2|0|1|0|4|8|0|1|0|0|0|0
1|1|12|11315|9830|0|10442|8095|0|0|0|0|false|false|false|0|0|0|false|false|false|0|0|0|0|0|0|1|0|false|0|0|0|0|0|0|0|0|0|0|1|0|0|true|2|0|0|0|3|3|0|0|1|0|0|0
1|1|13|7953|11479|0|8383|11718|0|0|0|0|false|false|false|0|0|0|false|false|false|0|0|0|0|0|0|1|0|true|0|0|1|0|3|0|2|0|1|0|0|0|0|false|0|0|0|0|0|0|0|0|0|0|1|0
1|1|14|6383|6010|0|33|3749|0|0|0|0|false|false|false|0|0|0|false|false|false|0|0|0|0|0|0|1|0|true|0|0|0|0|1|0|3|0|0|0|0|0|0|true|0|0|0|1|3|0|0|3|0|0|0|0
1|1|15|226|4634|0|7729|9830|0|0|0|0|false|false|false|0|0|0|false|false|false|0|0|0|0|0|0|1|0|true|2|0|0|3|0|0|0|0|1|0|0|0|0|false|0|0|0|0|3|2|0|0|0|0|1|0
1|1|16|10869|10442|0|7117|9064|0|0|0|0|false|false|false|0|0|0|false|false|false|0|0|0|0|0|0|1|0|false|0|0|1|0|1|2|0|0|0|0|0|0|0|false|2|0|0|0|1|4|0|1|0|0|0|0
1|1|17|11315|11804|0|519|6633|0|0|0|0|false|false|false|0|0|0|false|false|false|0|0|0|0|0|0|1|0|false|0|0|0|0|0|0|0|0|0|0|0|0|0|false|2|0|0|0|4|3|0|0|0|0|0|0
1|1|18|9813|8597|0|8095|9073|0|0|0|0|false|false|false|0|0|0|false|false|false|0|0|0|0|0|0|1|0|false|0|0|0|0|0|0|0|0|0|0|0|0|0|false|2|0|1|0|4|5|0|0|0|0|0|0
1|1|19|11479|7117|0|4634|6383|0|0|0|0|false|false|false|0|0|0|false|false|false|0|0|0|0|0|0|1|0|false|2|0|0|0|4|4|0|3|0|0|0|0|0|true|1|0|3|0|0|2|4|1|0|0|0|0
1|1|20|519|6010|0|10869|9830|0|0|0|0|false|false|false|0|0|0|false|false|false|0|0|0|0|0|0|1|2|true|2|0|0|0|3|3|0|0|0|1|0|0|0|true|2|0|1|0|1|2|0|0|0|0|0|1
1|1|21|226|6633|0|11718|8095|0|0|0|0|false|false|false|0|0|0|false|false|false|0|0|0|0|0|0|1|0|true|0|0|0|0|0|0|0|0|0|0|0|0|0|true|1|0|3|1|4|0|0|0|0|0|0|0
1|1|22|8597|33|0|9064|7953|0|0|0|0|false|false|false|0|0|0|false|false|false|0|0|0|0|0|0|1|0|true|0|0|1|0|0|0|0|0|0|0|0|0|0|true|1|0|0|1|4|0|0|0|0|0|0|0
1|1|23|9813|7729|0|11804|3749|0|0|0|0|false|false|false|0|0|0|false|false|false|0|0|0|0|0|0|1|0|false|0|0|0|0|1|1|0|0|0|0|0|0|0|true|0|0|1|0|1|0|0|2|0|0|0|0
1|1|24|9073|8383|0|10442|11315|0|0|0|0|false|false|false|0|0|0|false|false|false|0|0|0|0|0|0|1|1|false|1|0|0|0|3|2|0|0|0|0|0|0|0|false|0|0|0|0|1|0|0|0|0|0|0|0
1|1|25|6383|9830|0|6633|8597|0|0|0|0|false|false|false|0|0|0|false|false|false|0|0|0|0|0|0|1|0|false|0|0|0|0|1|0|3|0|0|0|0|0|0|true|1|0|1|0|3|1|0|0|0|0|0|0
1|1|26|8095|6010|0|11479|9064|0|0|0|0|false|false|false|0|0|0|false|false|false|0|0|0|0|0|0|1|0|true|2|0|1|0|2|1|0|0|0|0|0|0|0|false|0|0|0|0|2|0|2|0|0|0|0|0
1|1|27|11718|519|0|10442|7729|0|0|0|0|false|false|false|0|0|0|false|false|false|0|0|0|0|0|0|1|0|false|2|0|0|0|1|1|0|0|0|0|0|0|0|false|0|0|0|0|2|0|0|0|0|0|0|0
1|1|28|11804|8383|0|33|226|0|0|0|0|false|false|false|0|0|0|false|false|false|0|0|0|0|0|0|1|0|false|0|0|0|0|0|0|0|0|0|0|0|0|0|false|0|0|0|0|4|0|1|0|0|0|0|0
1|1|29|10869|3749|0|9073|4634|0|0|0|0|false|false|false|0|0|0|false|false|false|0|0|0|0|0|0|1|0|false|1|0|0|0|3|2|0|3|0|0|0|0|0|true|0|0|0|0|1|1|0|3|0|0|0|0
1|1|30|11315|7117|0|7953|9813|0|0|0|0|false|false|false|0|0|0|false|false|false|0|0|0|0|0|0|1|1|false|1|0|0|0|2|2|0|2|0|0|0|1|0|true|2|0|1|0|2|0|2|0|0|1|0|0
1|3|11|519|3749|4634|6010|7729|6633|0|0|0|false|false|false|0|0|0|false|false|false|0|0|0|0|0|0|1|2|true|2|0|0|0|2|4|0|3|0|0|0|0|0|true|0|0|0|0|2|1|0|0|0|0|0|0
1|3|21|8095|7117|7953|9073|11479|9064|0|0|0|false|false|false|0|0|0|false|false|false|0|0|0|0|0|0|1|1|false|1|0|0|0|2|5|0|0|0|1|1|0|1|true|2|0|0|0|2|1|0|0|1|0|0|1
1|3|12|519|3749|4634|6010|7729|6633|0|0|0|false|false|false|0|0|0|false|false|false|0|0|0|0|0|0|1|2|true|2|0|0|1|3|6|0|3|0|0|0|0|0|false|0|0|0|0|1|5|0|0|0|0|0|0
1|3|22|8095|7117|7953|9073|11479|9064|0|0|0|false|false|false|0|0|0|false|false|false|0|0|0|0|0|0|1|1|true|2|0|0|1|3|6|0|0|0|0|0|1|0|true|1|0|0|0|1|0|0|0|0|1|0|0
1|3|23|8095|7117|7953|9073|11479|9064|0|0|0|false|false|false|0|0|0|false|false|false|0|0|0|0|0|0|1|0|true|2|0|0|1|4|2|0|0|0|0|0|0|0|false|0|0|0|0|0|2|0|0|0|0|0|0
1|4|1|519|3749|4634|8095|7117|7953|0|0|0|false|false|false|0|0|0|false|false|false|0|0|0|0|0|0|1|0|true|2|0|0|0|2|1|0|0|0|0|0|0|1|true|1|0|1|0|2|3|0|1|0|0|0|0
1|4|2|519|3749|4634|8095|7117|7953|0|0|0|false|false|false|0|0|0|false|false|false|0|0|0|0|0|0|1|1|true|2|0|0|0|2|9|0|0|0|0|0|0|3|true|1|0|1|0|2|4|0|0|0|0|0|0
